# Configuration file

clipboard {
    I:0 <
        28
        99
        104
        105
        115
        101
        108
        115
        97
        110
        100
        98
        105
        116
        115
        58
        99
        104
        105
        115
        101
        108
        101
        100
        95
        114
        111
        99
        107
        10
        0
        0
        10
        0
        14
        66
        108
        111
        99
        107
        69
        110
        116
        105
        116
        121
        84
        97
        103
        3
        0
        1
        98
        0
        0
        16
        -97
        3
        0
        1
        115
        0
        0
        0
        23
        1
        0
        2
        110
        99
        0
        7
        0
        1
        88
        0
        0
        0
        -96
        120
        -38
        99
        98
        17
        -56
        -51
        -52
        75
        77
        46
        74
        76
        43
        81
        53
        118
        76
        -52
        44
        -78
        103
        80
        66
        22
        -55
        -55
        79
        -73
        79
        -84
        -56
        44
        -74
        -83
        84
        43
        75
        44
        -54
        76
        -52
        43
        -79
        -51
        79
        -52
        102
        -112
        67
        86
        83
        -112
        -109
        -104
        -105
        93
        108
        -113
        44
        -81
        -121
        44
        95
        92
        -110
        8
        -28
        -91
        -60
        103
        36
        22
        -91
        -92
        -126
        24
        -55
        57
        -119
        -107
        -10
        -55
        -7
        57
        -7
        69
        -74
        -7
        69
        -119
        121
        -23
        -87
        12
        12
        7
        -40
        -103
        -1
        -1
        -1
        63
        -118
        71
        -15
        -96
        -62
        87
        67
        67
        -119
        18
        3
        98
        109
        116
        12
        84
        -89
        -19
        -64
        -64
        72
        80
        12
        -97
        94
        7
        6
        6
        -68
        98
        72
        88
        107
        106
        104
        40
        28
        55
        48
        48
        2
        49
        3
        24
        -29
        19
        -125
        -120
        51
        80
        3
        3
        0
        -107
        -98
        -88
        94
        3
        0
        2
        108
        118
        0
        0
        0
        0
        0
        0
     >
    I:1 <
        28
        99
        104
        105
        115
        101
        108
        115
        97
        110
        100
        98
        105
        116
        115
        58
        99
        104
        105
        115
        101
        108
        101
        100
        95
        114
        111
        99
        107
        10
        0
        0
        10
        0
        14
        66
        108
        111
        99
        107
        69
        110
        116
        105
        116
        121
        84
        97
        103
        3
        0
        1
        98
        0
        0
        16
        -97
        3
        0
        1
        115
        0
        0
        0
        23
        1
        0
        2
        110
        99
        0
        7
        0
        1
        88
        0
        0
        0
        -124
        120
        -38
        99
        98
        17
        -56
        -51
        -52
        75
        77
        46
        74
        76
        43
        81
        53
        118
        76
        -52
        44
        -78
        103
        80
        66
        22
        -55
        -55
        79
        -73
        79
        -84
        -56
        44
        -74
        -83
        84
        43
        75
        44
        -54
        76
        -52
        43
        -79
        -51
        79
        -52
        102
        -112
        67
        86
        83
        -112
        -109
        -104
        -105
        93
        108
        -113
        44
        -81
        -121
        44
        95
        92
        -110
        8
        -28
        -91
        -60
        103
        36
        22
        -91
        -92
        -126
        24
        -55
        57
        -119
        -107
        -10
        -55
        -7
        57
        -7
        69
        -74
        -7
        69
        -119
        121
        -23
        -87
        12
        12
        7
        -40
        -103
        -1
        -1
        -1
        63
        -118
        71
        -15
        80
        -59
        -38
        3
        -116
        -75
        26
        24
        24
        -76
        -90
        -122
        -122
        -62
        49
        -120
        79
        -118
        24
        -123
        24
        0
        125
        -34
        -62
        121
        3
        0
        2
        108
        118
        0
        0
        0
        0
        0
        0
     >
    I:10 <
        28
        99
        104
        105
        115
        101
        108
        115
        97
        110
        100
        98
        105
        116
        115
        58
        99
        104
        105
        115
        101
        108
        101
        100
        95
        119
        111
        111
        100
        10
        0
        0
        10
        0
        14
        66
        108
        111
        99
        107
        69
        110
        116
        105
        116
        121
        84
        97
        103
        3
        0
        1
        98
        0
        0
        80
        5
        3
        0
        1
        115
        0
        0
        0
        0
        1
        0
        2
        110
        99
        0
        7
        0
        1
        88
        0
        0
        0
        64
        120
        -38
        99
        98
        18
        -56
        -51
        -52
        75
        77
        46
        74
        76
        43
        81
        53
        118
        76
        -52
        44
        -78
        103
        80
        70
        22
        41
        -56
        73
        -52
        -53
        46
        -74
        47
        75
        44
        -54
        76
        -52
        43
        -79
        77
        73
        44
        -54
        -114
        -49
        79
        -52
        102
        -32
        112
        -87
        -67
        -49
        -128
        23
        16
        35
        15
        0
        22
        -77
        23
        -19
        3
        0
        2
        108
        118
        0
        0
        0
        0
        0
        0
     >
    I:11 <
        28
        99
        104
        105
        115
        101
        108
        115
        97
        110
        100
        98
        105
        116
        115
        58
        99
        104
        105
        115
        101
        108
        101
        100
        95
        119
        111
        111
        100
        10
        0
        0
        10
        0
        14
        66
        108
        111
        99
        107
        69
        110
        116
        105
        116
        121
        84
        97
        103
        3
        0
        1
        98
        0
        0
        16
        -94
        3
        0
        1
        115
        0
        0
        0
        0
        1
        0
        2
        110
        99
        0
        7
        0
        1
        88
        0
        0
        0
        66
        120
        -38
        99
        98
        18
        -56
        -51
        -52
        75
        77
        46
        74
        76
        43
        81
        53
        118
        76
        -52
        44
        -78
        103
        -48
        64
        22
        -55
        -55
        79
        55
        -78
        79
        -84
        -56
        44
        -74
        -83
        84
        43
        75
        44
        -54
        76
        -52
        43
        -79
        77
        73
        44
        -54
        -114
        -49
        79
        -52
        102
        104
        96
        82
        96
        104
        -64
        15
        1
        -18
        -23
        29
        -80
        3
        0
        2
        108
        118
        0
        0
        0
        0
        0
        0
     >
    I:12 <
        28
        99
        104
        105
        115
        101
        108
        115
        97
        110
        100
        98
        105
        116
        115
        58
        99
        104
        105
        115
        101
        108
        101
        100
        95
        119
        111
        111
        100
        10
        0
        0
        10
        0
        14
        66
        108
        111
        99
        107
        69
        110
        116
        105
        116
        121
        84
        97
        103
        3
        0
        1
        98
        0
        0
        0
        17
        3
        0
        1
        115
        0
        0
        0
        0
        1
        0
        2
        110
        99
        0
        7
        0
        1
        88
        0
        0
        0
        61
        120
        -38
        99
        98
        18
        -56
        -51
        -52
        75
        77
        46
        74
        76
        43
        81
        53
        118
        76
        -52
        44
        -78
        103
        80
        66
        22
        -55
        -55
        79
        -73
        79
        -84
        -56
        44
        -74
        -83
        84
        43
        75
        44
        -54
        76
        -52
        43
        -79
        -51
        79
        -52
        102
        120
        -64
        -24
        -64
        -40
        64
        25
        4
        0
        61
        -89
        36
        22
        3
        0
        2
        108
        118
        0
        0
        0
        0
        0
        0
     >
    I:13 <
        28
        99
        104
        105
        115
        101
        108
        115
        97
        110
        100
        98
        105
        116
        115
        58
        99
        104
        105
        115
        101
        108
        101
        100
        95
        119
        111
        111
        100
        10
        0
        0
        10
        0
        14
        66
        108
        111
        99
        107
        69
        110
        116
        105
        116
        121
        84
        97
        103
        3
        0
        1
        98
        0
        0
        80
        5
        3
        0
        1
        115
        0
        0
        0
        0
        1
        0
        2
        110
        99
        0
        7
        0
        1
        88
        0
        0
        0
        74
        120
        -38
        99
        98
        18
        -56
        -51
        -52
        75
        77
        46
        74
        76
        43
        81
        53
        118
        76
        -52
        44
        -78
        103
        80
        70
        22
        41
        -56
        73
        -52
        -53
        46
        -74
        47
        75
        44
        -54
        76
        -52
        43
        -79
        77
        73
        44
        -54
        -114
        -49
        79
        -52
        102
        96
        120
        -62
        92
        125
        -113
        1
        47
        32
        44
        47
        -40
        65
        -103
        -2
        81
        121
        90
        -121
        47
        0
        -93
        -18
        43
        54
        3
        0
        2
        108
        118
        0
        0
        0
        0
        0
        0
     >
    I:14 <
        28
        99
        104
        105
        115
        101
        108
        115
        97
        110
        100
        98
        105
        116
        115
        58
        99
        104
        105
        115
        101
        108
        101
        100
        95
        119
        111
        111
        100
        10
        0
        0
        10
        0
        14
        66
        108
        111
        99
        107
        69
        110
        116
        105
        116
        121
        84
        97
        103
        3
        0
        1
        98
        0
        0
        80
        5
        3
        0
        1
        115
        0
        0
        0
        0
        1
        0
        2
        110
        99
        0
        7
        0
        1
        88
        0
        0
        0
        83
        120
        -38
        99
        98
        18
        -56
        -51
        -52
        75
        77
        46
        74
        76
        43
        81
        53
        118
        76
        -52
        44
        -78
        103
        80
        70
        22
        41
        -56
        73
        -52
        -53
        46
        -74
        47
        75
        44
        -54
        76
        -52
        43
        -79
        77
        73
        44
        -54
        -114
        -49
        79
        -52
        102
        80
        56
        -62
        -4
        -1
        63
        3
        94
        64
        88
        -34
        -2
        7
        101
        -14
        12
        20
        1
        -96
        126
        22
        -54
        -36
        79
        -79
        -3
        3
        30
        126
        0
        118
        -88
        51
        58
        3
        0
        2
        108
        118
        0
        0
        0
        0
        0
        0
     >
    I:15 <
        28
        99
        104
        105
        115
        101
        108
        115
        97
        110
        100
        98
        105
        116
        115
        58
        99
        104
        105
        115
        101
        108
        101
        100
        95
        119
        111
        111
        100
        10
        0
        0
        10
        0
        14
        66
        108
        111
        99
        107
        69
        110
        116
        105
        116
        121
        84
        97
        103
        3
        0
        1
        98
        0
        0
        80
        5
        3
        0
        1
        115
        0
        0
        0
        0
        1
        0
        2
        110
        99
        0
        7
        0
        1
        88
        0
        0
        0
        86
        120
        -38
        99
        98
        18
        -56
        -51
        -52
        75
        77
        46
        74
        76
        43
        81
        53
        118
        76
        -52
        44
        -78
        103
        80
        70
        22
        41
        -56
        73
        -52
        -53
        46
        -74
        47
        75
        44
        -54
        76
        -52
        43
        -79
        77
        73
        44
        -54
        -114
        -49
        79
        -52
        102
        96
        56
        -62
        -4
        -1
        63
        3
        94
        -16
        -1
        -65
        -4
        31
        -54
        -28
        9
        -103
        -49
        64
        17
        -96
        -44
        -4
        -1
        -1
        21
        104
        108
        63
        -19
        -61
        15
        0
        -125
        -108
        50
        -58
        3
        0
        2
        108
        118
        0
        0
        0
        0
        0
        0
     >
    I:16 <
        28
        99
        104
        105
        115
        101
        108
        115
        97
        110
        100
        98
        105
        116
        115
        58
        99
        104
        105
        115
        101
        108
        101
        100
        95
        119
        111
        111
        100
        10
        0
        0
        10
        0
        14
        66
        108
        111
        99
        107
        69
        110
        116
        105
        116
        121
        84
        97
        103
        3
        0
        1
        98
        0
        0
        80
        5
        3
        0
        1
        115
        0
        0
        0
        0
        1
        0
        2
        110
        99
        0
        7
        0
        1
        88
        0
        0
        0
        77
        120
        -38
        99
        98
        18
        -56
        -51
        -52
        75
        77
        46
        74
        76
        43
        81
        53
        118
        76
        -52
        44
        -78
        103
        80
        70
        22
        41
        -56
        73
        -52
        -53
        46
        -74
        47
        75
        44
        -54
        76
        -52
        43
        -79
        77
        73
        44
        -54
        -114
        -49
        79
        -52
        102
        96
        120
        -62
        92
        123
        -97
        1
        47
        32
        44
        -49
        72
        64
        94
        -126
        109
        84
        -98
        -106
        -14
        -124
        -29
        15
        0
        -42
        30
        43
        127
        3
        0
        2
        108
        118
        0
        0
        0
        0
        0
        0
     >
    I:17 <
        28
        99
        104
        105
        115
        101
        108
        115
        97
        110
        100
        98
        105
        116
        115
        58
        99
        104
        105
        115
        101
        108
        101
        100
        95
        119
        111
        111
        100
        10
        0
        0
        10
        0
        14
        66
        108
        111
        99
        107
        69
        110
        116
        105
        116
        121
        84
        97
        103
        3
        0
        1
        98
        0
        0
        16
        -94
        3
        0
        1
        115
        0
        0
        0
        1
        1
        0
        2
        110
        99
        0
        7
        0
        1
        88
        0
        0
        0
        104
        120
        -38
        99
        98
        22
        -56
        -51
        -52
        75
        77
        46
        74
        76
        43
        81
        53
        118
        76
        -52
        44
        -78
        103
        -48
        64
        22
        -55
        -55
        79
        55
        -78
        79
        -84
        -56
        44
        -74
        -83
        84
        43
        75
        44
        -54
        76
        -52
        43
        -79
        77
        73
        44
        -54
        -114
        -49
        79
        -52
        102
        80
        70
        86
        89
        -112
        -109
        -104
        -105
        93
        108
        -113
        -95
        -120
        -31
        6
        -5
        42
        52
        -64
        0
        4
        -94
        -82
        -127
        33
        12
        68
        2
        106
        -21
        103
        100
        116
        112
        24
        72
        -5
        71
        -11
        -113
        -22
        31
        14
        -23
        23
        0
        -120
        117
        -34
        -115
        3
        0
        2
        108
        118
        0
        0
        0
        0
        0
        0
     >
    I:18 <
        28
        99
        104
        105
        115
        101
        108
        115
        97
        110
        100
        98
        105
        116
        115
        58
        99
        104
        105
        115
        101
        108
        101
        100
        95
        119
        111
        111
        100
        10
        0
        0
        10
        0
        14
        66
        108
        111
        99
        107
        69
        110
        116
        105
        116
        121
        84
        97
        103
        3
        0
        1
        98
        0
        0
        80
        5
        3
        0
        1
        115
        0
        0
        0
        0
        1
        0
        2
        110
        99
        0
        7
        0
        1
        88
        0
        0
        0
        64
        120
        -38
        99
        98
        18
        -56
        -51
        -52
        75
        77
        46
        74
        76
        43
        81
        53
        118
        76
        -52
        44
        -78
        103
        80
        70
        22
        41
        -56
        73
        -52
        -53
        46
        -74
        47
        75
        44
        -54
        76
        -52
        43
        -79
        77
        73
        44
        -54
        -114
        -49
        79
        -52
        102
        -32
        112
        -87
        -66
        -57
        -128
        23
        16
        35
        15
        0
        21
        114
        23
        -28
        3
        0
        2
        108
        118
        0
        0
        0
        0
        0
        0
     >
    I:19 <
        28
        99
        104
        105
        115
        101
        108
        115
        97
        110
        100
        98
        105
        116
        115
        58
        99
        104
        105
        115
        101
        108
        101
        100
        95
        119
        111
        111
        100
        10
        0
        0
        10
        0
        14
        66
        108
        111
        99
        107
        69
        110
        116
        105
        116
        121
        84
        97
        103
        3
        0
        1
        98
        0
        0
        80
        5
        3
        0
        1
        115
        0
        0
        0
        0
        1
        0
        2
        110
        99
        0
        7
        0
        1
        88
        0
        0
        0
        100
        120
        -38
        99
        98
        22
        -56
        -51
        -52
        75
        77
        46
        74
        76
        43
        81
        53
        118
        76
        -52
        44
        -78
        103
        80
        66
        22
        -55
        -55
        79
        -73
        79
        -84
        -56
        44
        -74
        -83
        84
        43
        75
        44
        -54
        76
        -52
        43
        -79
        -51
        79
        -52
        102
        80
        70
        86
        83
        -112
        -109
        -104
        -105
        93
        108
        15
        -109
        79
        73
        44
        -54
        -114
        7
        41
        10
        -40
        -63
        22
        10
        4
        12
        20
        -128
        81
        -3
        -92
        -21
        7
        -23
        89
        5
        5
        -108
        -24
        -89
        -60
        -2
        -47
        56
        -93
        76
        63
        0
        -99
        -21
        62
        -57
        3
        0
        2
        108
        118
        0
        0
        0
        0
        0
        0
     >
    I:2 <
        28
        99
        104
        105
        115
        101
        108
        115
        97
        110
        100
        98
        105
        116
        115
        58
        99
        104
        105
        115
        101
        108
        101
        100
        95
        119
        111
        111
        100
        10
        0
        0
        10
        0
        14
        66
        108
        111
        99
        107
        69
        110
        116
        105
        116
        121
        84
        97
        103
        3
        0
        1
        98
        0
        0
        0
        17
        3
        0
        1
        115
        0
        0
        0
        55
        1
        0
        2
        110
        99
        0
        7
        0
        1
        88
        0
        0
        0
        62
        120
        -38
        99
        98
        18
        -56
        -51
        -52
        75
        77
        46
        74
        76
        43
        81
        53
        118
        76
        -52
        44
        -78
        103
        80
        66
        22
        -55
        -55
        79
        -73
        79
        -84
        -56
        44
        -74
        -83
        84
        43
        75
        44
        -54
        76
        -52
        43
        -79
        -51
        79
        -52
        102
        96
        104
        96
        -2
        63
        10
        6
        20
        0
        0
        -17
        -125
        -111
        -25
        3
        0
        2
        108
        118
        0
        0
        0
        0
        0
        0
     >
    I:20 <
        28
        99
        104
        105
        115
        101
        108
        115
        97
        110
        100
        98
        105
        116
        115
        58
        99
        104
        105
        115
        101
        108
        101
        100
        95
        119
        111
        111
        100
        10
        0
        0
        10
        0
        14
        66
        108
        111
        99
        107
        69
        110
        116
        105
        116
        121
        84
        97
        103
        3
        0
        1
        98
        0
        0
        80
        5
        3
        0
        1
        115
        0
        0
        0
        0
        1
        0
        2
        110
        99
        0
        7
        0
        1
        88
        0
        0
        0
        69
        120
        -38
        99
        98
        18
        -56
        -51
        -52
        75
        77
        46
        74
        76
        43
        81
        53
        118
        76
        -52
        44
        -78
        103
        80
        70
        22
        41
        -56
        73
        -52
        -53
        46
        -74
        47
        75
        44
        -54
        76
        -52
        43
        -79
        77
        73
        44
        -54
        -114
        -49
        79
        -52
        102
        104
        96
        124
        -62
        -60
        -64
        -16
        -128
        1
        63
        24
        -107
        -89
        84
        30
        0
        -35
        -127
        31
        116
        3
        0
        2
        108
        118
        0
        0
        0
        0
        0
        0
     >
    I:21 <
        28
        99
        104
        105
        115
        101
        108
        115
        97
        110
        100
        98
        105
        116
        115
        58
        99
        104
        105
        115
        101
        108
        101
        100
        95
        119
        111
        111
        100
        10
        0
        0
        10
        0
        14
        66
        108
        111
        99
        107
        69
        110
        116
        105
        116
        121
        84
        97
        103
        3
        0
        1
        98
        0
        0
        80
        5
        3
        0
        1
        115
        0
        0
        0
        0
        1
        0
        2
        110
        99
        0
        7
        0
        1
        88
        0
        0
        0
        68
        120
        -38
        99
        98
        18
        -56
        -51
        -52
        75
        77
        46
        74
        76
        43
        81
        53
        118
        76
        -52
        44
        -78
        103
        80
        70
        22
        41
        -56
        73
        -52
        -53
        46
        -74
        47
        75
        44
        -54
        76
        -52
        43
        -79
        77
        73
        44
        -54
        -114
        -49
        79
        -52
        102
        96
        120
        -62
        -52
        -64
        -16
        -128
        1
        63
        24
        -107
        31
        -22
        -14
        0
        63
        -30
        34
        116
        3
        0
        2
        108
        118
        0
        0
        0
        0
        0
        0
     >
    I:22 <
        28
        99
        104
        105
        115
        101
        108
        115
        97
        110
        100
        98
        105
        116
        115
        58
        99
        104
        105
        115
        101
        108
        101
        100
        95
        119
        111
        111
        100
        10
        0
        0
        10
        0
        14
        66
        108
        111
        99
        107
        69
        110
        116
        105
        116
        121
        84
        97
        103
        3
        0
        1
        98
        0
        0
        80
        5
        3
        0
        1
        115
        0
        0
        0
        0
        1
        0
        2
        110
        99
        0
        7
        0
        1
        88
        0
        0
        0
        66
        120
        -38
        99
        98
        18
        -56
        -51
        -52
        75
        77
        46
        74
        76
        43
        81
        53
        118
        76
        -52
        44
        -78
        103
        80
        70
        22
        41
        -56
        73
        -52
        -53
        46
        -74
        47
        75
        44
        -54
        76
        -52
        43
        -79
        77
        73
        44
        -54
        -114
        -49
        79
        -52
        102
        96
        112
        97
        96
        -8
        -1
        -97
        1
        47
        32
        44
        15
        0
        76
        -121
        25
        -53
        3
        0
        2
        108
        118
        0
        0
        0
        0
        0
        0
     >
    I:23 <
        28
        99
        104
        105
        115
        101
        108
        115
        97
        110
        100
        98
        105
        116
        115
        58
        99
        104
        105
        115
        101
        108
        101
        100
        95
        119
        111
        111
        100
        10
        0
        0
        10
        0
        14
        66
        108
        111
        99
        107
        69
        110
        116
        105
        116
        121
        84
        97
        103
        3
        0
        1
        98
        0
        0
        80
        5
        3
        0
        1
        115
        0
        0
        0
        0
        1
        0
        2
        110
        99
        0
        7
        0
        1
        88
        0
        0
        0
        66
        120
        -38
        99
        98
        18
        -56
        -51
        -52
        75
        77
        46
        74
        76
        43
        81
        53
        118
        76
        -52
        44
        -78
        103
        80
        70
        22
        41
        -56
        73
        -52
        -53
        46
        -74
        47
        75
        44
        -54
        76
        -52
        43
        -79
        77
        73
        44
        -54
        -114
        -49
        79
        -52
        102
        96
        112
        97
        96
        96
        -32
        103
        -64
        15
        8
        -54
        3
        0
        -118
        14
        19
        -2
        3
        0
        2
        108
        118
        0
        0
        0
        0
        0
        0
     >
    I:24 <
        28
        99
        104
        105
        115
        101
        108
        115
        97
        110
        100
        98
        105
        116
        115
        58
        99
        104
        105
        115
        101
        108
        101
        100
        95
        119
        111
        111
        100
        10
        0
        0
        10
        0
        14
        66
        108
        111
        99
        107
        69
        110
        116
        105
        116
        121
        84
        97
        103
        3
        0
        1
        98
        0
        0
        80
        5
        3
        0
        1
        115
        0
        0
        0
        0
        1
        0
        2
        110
        99
        0
        7
        0
        1
        88
        0
        0
        0
        99
        120
        -38
        99
        98
        22
        -56
        -51
        -52
        75
        77
        46
        74
        76
        43
        81
        53
        118
        76
        -52
        44
        -78
        103
        80
        66
        22
        -55
        -55
        79
        -73
        79
        -84
        -56
        44
        -74
        -83
        84
        43
        75
        44
        -54
        76
        -52
        43
        -79
        -51
        79
        -52
        102
        80
        70
        86
        83
        -112
        -109
        -104
        -105
        93
        108
        15
        -109
        79
        73
        44
        -54
        -114
        7
        41
        58
        -61
        -12
        -125
        -123
        -127
        -127
        33
        -108
        -127
        50
        48
        -86
        -97
        60
        61
        -85
        -96
        -104
        18
        -3
        -108
        -40
        63
        -96
        97
        6
        0
        -56
        19
        40
        -102
        3
        0
        2
        108
        118
        0
        0
        0
        0
        0
        0
     >
    I:25 <
        28
        99
        104
        105
        115
        101
        108
        115
        97
        110
        100
        98
        105
        116
        115
        58
        99
        104
        105
        115
        101
        108
        101
        100
        95
        119
        111
        111
        100
        10
        0
        0
        10
        0
        14
        66
        108
        111
        99
        107
        69
        110
        116
        105
        116
        121
        84
        97
        103
        3
        0
        1
        98
        0
        0
        80
        5
        3
        0
        1
        115
        0
        0
        0
        0
        1
        0
        2
        110
        99
        0
        7
        0
        1
        88
        0
        0
        0
        99
        120
        -38
        99
        98
        22
        -56
        -51
        -52
        75
        77
        46
        74
        76
        43
        81
        53
        118
        76
        -52
        44
        -78
        103
        80
        66
        22
        -55
        -55
        79
        -73
        79
        -84
        -56
        44
        -74
        -83
        84
        43
        75
        44
        -54
        76
        -52
        43
        -79
        -51
        79
        -52
        102
        80
        70
        86
        83
        -112
        -109
        -104
        -105
        93
        108
        15
        -109
        79
        73
        44
        -54
        -114
        7
        41
        58
        -61
        -12
        -125
        37
        20
        8
        24
        40
        0
        -93
        -6
        73
        -41
        15
        -46
        -77
        10
        10
        40
        -47
        79
        -119
        -3
        3
        29
        102
        0
        109
        -107
        59
        -121
        3
        0
        2
        108
        118
        0
        0
        0
        0
        0
        0
     >
    I:26 <
        28
        99
        104
        105
        115
        101
        108
        115
        97
        110
        100
        98
        105
        116
        115
        58
        99
        104
        105
        115
        101
        108
        101
        100
        95
        119
        111
        111
        100
        10
        0
        0
        10
        0
        14
        66
        108
        111
        99
        107
        69
        110
        116
        105
        116
        121
        84
        97
        103
        3
        0
        1
        98
        0
        0
        80
        5
        3
        0
        1
        115
        0
        0
        0
        0
        1
        0
        2
        110
        99
        0
        7
        0
        1
        88
        0
        0
        0
        101
        120
        -38
        99
        98
        22
        -56
        -51
        -52
        75
        77
        46
        74
        76
        43
        81
        53
        118
        76
        -52
        44
        -78
        103
        80
        66
        22
        -55
        -55
        79
        -73
        79
        -84
        -56
        44
        -74
        -83
        84
        43
        75
        44
        -54
        76
        -52
        43
        -79
        -51
        79
        -52
        102
        80
        70
        86
        83
        -112
        -109
        -104
        -105
        93
        108
        15
        -109
        79
        73
        44
        -54
        -114
        7
        41
        58
        -61
        -12
        -125
        37
        52
        52
        -108
        -127
        18
        48
        -86
        63
        -108
        44
        61
        -85
        86
        -83
        2
        99
        74
        -12
        83
        98
        -1
        64
        -121
        25
        0
        -104
        93
        53
        56
        3
        0
        2
        108
        118
        0
        0
        0
        0
        0
        0
     >
    I:27 <
        28
        99
        104
        105
        115
        101
        108
        115
        97
        110
        100
        98
        105
        116
        115
        58
        99
        104
        105
        115
        101
        108
        101
        100
        95
        119
        111
        111
        100
        10
        0
        0
        10
        0
        14
        66
        108
        111
        99
        107
        69
        110
        116
        105
        116
        121
        84
        97
        103
        3
        0
        1
        98
        0
        0
        16
        -94
        3
        0
        1
        115
        0
        0
        0
        1
        1
        0
        2
        110
        99
        0
        7
        0
        1
        88
        0
        0
        0
        108
        120
        -38
        99
        98
        22
        -56
        -51
        -52
        75
        77
        46
        74
        76
        43
        81
        53
        118
        76
        -52
        44
        -78
        103
        -48
        64
        22
        -55
        -55
        79
        55
        -78
        79
        -84
        -56
        44
        -74
        -83
        84
        43
        75
        44
        -54
        76
        -52
        43
        -79
        77
        73
        44
        -54
        -114
        -49
        79
        -52
        102
        80
        70
        86
        89
        -112
        -109
        -104
        -105
        93
        108
        -113
        -95
        -120
        -31
        2
        -5
        42
        52
        -64
        64
        34
        -64
        -90
        63
        20
        8
        6
        74
        63
        11
        3
        -125
        -64
        64
        -38
        63
        -48
        -31
        71
        -87
        -1
        71
        -61
        111
        -32
        -3
        79
        -119
        126
        0
        43
        -113
        -35
        -47
        3
        0
        2
        108
        118
        0
        0
        0
        0
        0
        0
     >
    I:28 <
        28
        99
        104
        105
        115
        101
        108
        115
        97
        110
        100
        98
        105
        116
        115
        58
        99
        104
        105
        115
        101
        108
        101
        100
        95
        119
        111
        111
        100
        10
        0
        0
        10
        0
        14
        66
        108
        111
        99
        107
        69
        110
        116
        105
        116
        121
        84
        97
        103
        3
        0
        1
        98
        0
        0
        0
        17
        3
        0
        1
        115
        0
        0
        0
        0
        1
        0
        2
        110
        99
        0
        7
        0
        1
        88
        0
        0
        0
        60
        120
        -38
        99
        98
        18
        -56
        -51
        -52
        75
        77
        46
        74
        76
        43
        81
        53
        118
        76
        -52
        44
        -78
        103
        80
        66
        22
        -55
        -55
        79
        -73
        79
        -84
        -56
        44
        -74
        -83
        84
        43
        75
        44
        -54
        76
        -52
        43
        -79
        -51
        79
        -52
        102
        80
        112
        48
        96
        -96
        12
        2
        0
        -71
        -14
        25
        53
        3
        0
        2
        108
        118
        0
        0
        0
        0
        0
        0
     >
    I:29 <
        28
        99
        104
        105
        115
        101
        108
        115
        97
        110
        100
        98
        105
        116
        115
        58
        99
        104
        105
        115
        101
        108
        101
        100
        95
        119
        111
        111
        100
        10
        0
        0
        10
        0
        14
        66
        108
        111
        99
        107
        69
        110
        116
        105
        116
        121
        84
        97
        103
        3
        0
        1
        98
        0
        0
        16
        -94
        3
        0
        1
        115
        0
        0
        0
        1
        1
        0
        2
        110
        99
        0
        7
        0
        1
        88
        0
        0
        0
        99
        120
        -38
        99
        98
        22
        -56
        -51
        -52
        75
        77
        46
        74
        76
        43
        81
        53
        118
        76
        -52
        44
        -78
        103
        -48
        64
        22
        -55
        -55
        79
        55
        -78
        79
        -84
        -56
        44
        -74
        -83
        84
        43
        75
        44
        -54
        76
        -52
        43
        -79
        77
        73
        44
        -54
        -114
        -49
        79
        -52
        102
        80
        70
        86
        89
        -112
        -109
        -104
        -105
        93
        108
        -113
        -95
        -120
        -31
        2
        -5
        -86
        85
        -85
        -70
        -112
        49
        3
        -119
        96
        -80
        -23
        103
        25
        -30
        -18
        31
        104
        -1
        -113
        -122
        -33
        -48
        118
        63
        0
        -17
        69
        -59
        -95
        3
        0
        2
        108
        118
        0
        0
        0
        0
        0
        0
     >
    I:3 <
        28
        99
        104
        105
        115
        101
        108
        115
        97
        110
        100
        98
        105
        116
        115
        58
        99
        104
        105
        115
        101
        108
        101
        100
        95
        119
        111
        111
        100
        10
        0
        0
        10
        0
        14
        66
        108
        111
        99
        107
        69
        110
        116
        105
        116
        121
        84
        97
        103
        3
        0
        1
        98
        0
        0
        0
        5
        3
        0
        1
        115
        0
        0
        0
        47
        1
        0
        2
        110
        99
        0
        7
        0
        1
        88
        0
        0
        0
        59
        120
        -38
        99
        98
        18
        -56
        -51
        -52
        75
        77
        46
        74
        76
        43
        81
        53
        118
        76
        -52
        44
        -78
        103
        -112
        67
        22
        41
        -56
        73
        -52
        -53
        46
        -74
        47
        75
        44
        -54
        76
        -52
        43
        -79
        -51
        79
        -52
        102
        96
        104
        96
        -7
        -49
        48
        10
        71
        50
        4
        0
        20
        -115
        17
        26
        3
        0
        2
        108
        118
        0
        0
        0
        0
        0
        0
     >
    I:30 <
        28
        99
        104
        105
        115
        101
        108
        115
        97
        110
        100
        98
        105
        116
        115
        58
        99
        104
        105
        115
        101
        108
        101
        100
        95
        119
        111
        111
        100
        10
        0
        0
        10
        0
        14
        66
        108
        111
        99
        107
        69
        110
        116
        105
        116
        121
        84
        97
        103
        3
        0
        1
        98
        0
        0
        0
        17
        3
        0
        1
        115
        0
        0
        0
        0
        1
        0
        2
        110
        99
        0
        7
        0
        1
        88
        0
        0
        0
        63
        120
        -38
        99
        98
        18
        -56
        -51
        -52
        75
        77
        46
        74
        76
        43
        81
        53
        118
        76
        -52
        44
        -78
        103
        80
        66
        22
        -55
        -55
        79
        -73
        79
        -84
        -56
        44
        -74
        -83
        84
        43
        75
        44
        -54
        76
        -52
        43
        -79
        -51
        79
        -52
        102
        112
        -48
        97
        96
        67
        -126
        -40
        0
        -110
        60
        0
        124
        28
        19
        -119
        3
        0
        2
        108
        118
        0
        0
        0
        0
        0
        0
     >
    I:31 <
        28
        99
        104
        105
        115
        101
        108
        115
        97
        110
        100
        98
        105
        116
        115
        58
        99
        104
        105
        115
        101
        108
        101
        100
        95
        119
        111
        111
        100
        10
        0
        0
        10
        0
        14
        66
        108
        111
        99
        107
        69
        110
        116
        105
        116
        121
        84
        97
        103
        3
        0
        1
        98
        0
        0
        0
        17
        3
        0
        1
        115
        0
        0
        0
        0
        1
        0
        2
        110
        99
        0
        7
        0
        1
        88
        0
        0
        0
        64
        120
        -38
        99
        98
        18
        -56
        -51
        -52
        75
        77
        46
        74
        76
        43
        81
        53
        118
        76
        -52
        44
        -78
        103
        80
        66
        22
        -55
        -55
        79
        -73
        79
        -84
        -56
        44
        -74
        -83
        84
        43
        75
        44
        -54
        76
        -52
        43
        -79
        -51
        79
        -52
        102
        120
        -64
        104
        -64
        -64
        -122
        6
        -47
        1
        -102
        60
        0
        -1
        -37
        20
        70
        3
        0
        2
        108
        118
        0
        0
        0
        0
        0
        0
     >
    I:4 <
        28
        99
        104
        105
        115
        101
        108
        115
        97
        110
        100
        98
        105
        116
        115
        58
        99
        104
        105
        115
        101
        108
        101
        100
        95
        115
        97
        110
        100
        10
        0
        0
        10
        0
        14
        66
        108
        111
        99
        107
        69
        110
        116
        105
        116
        121
        84
        97
        103
        3
        0
        1
        98
        0
        0
        0
        12
        3
        0
        1
        115
        0
        0
        0
        63
        1
        0
        2
        110
        99
        1
        7
        0
        1
        88
        0
        0
        0
        -124
        120
        -38
        99
        98
        82
        -52
        -51
        -52
        75
        77
        46
        74
        76
        43
        81
        53
        118
        44
        78
        -52
        75
        -79
        47
        75
        44
        -54
        76
        -52
        43
        -79
        45
        74
        77
        -119
        7
        9
        48
        -56
        -30
        84
        2
        -106
        102
        104
        96
        -7
        -49
        -16
        -113
        -31
        -105
        -64
        27
        -115
        107
        12
        -1
        61
        -2
        55
        -4
        89
        -14
        -1
        -63
        -9
        19
        -1
        19
        -2
        57
        -4
        -49
        -72
        -33
        -16
        -33
        -31
        127
        -61
        127
        6
        10
        -32
        3
        2
        -14
        14
        -8
        -27
        -1
        18
        -112
        -1
        61
        1
        -65
        -4
        30
        2
        -18
        59
        -67
        0
        -65
        -4
        93
        2
        -6
        127
        19
        112
        -33
        127
        5
        2
        -14
        9
        4
        -28
        27
        40
        -108
        63
        64
        56
        -114
        0
        28
        -13
        33
        33
        3
        0
        2
        108
        118
        0
        0
        0
        0
        0
        0
     >
    I:5 <
        28
        99
        104
        105
        115
        101
        108
        115
        97
        110
        100
        98
        105
        116
        115
        58
        99
        104
        105
        115
        101
        108
        101
        100
        95
        115
        97
        110
        100
        10
        0
        0
        10
        0
        14
        66
        108
        111
        99
        107
        69
        110
        116
        105
        116
        121
        84
        97
        103
        3
        0
        1
        98
        0
        0
        0
        12
        3
        0
        1
        115
        0
        0
        0
        63
        1
        0
        2
        110
        99
        1
        7
        0
        1
        88
        0
        0
        0
        112
        120
        -38
        99
        98
        82
        -52
        -51
        -52
        75
        77
        46
        74
        76
        43
        81
        53
        118
        44
        78
        -52
        75
        -79
        47
        75
        44
        -54
        76
        -52
        43
        -79
        45
        74
        77
        -119
        7
        9
        48
        -56
        -30
        84
        2
        -106
        -10
        -39
        -62
        -52
        -64
        -48
        -64
        -128
        29
        52
        48
        32
        -28
        26
        -112
        72
        6
        12
        54
        110
        -3
        16
        -70
        1
        -51
        52
        116
        53
        13
        112
        -120
        -87
        6
        33
        -125
        112
        -45
        -1
        -1
        -11
        80
        8
        2
        16
        18
        65
        -1
        71
        -29
        -93
        -117
        -29
        19
        -59
        -91
        -90
        -98
        44
        19
        -22
        -55
        -78
        -107
        48
        0
        0
        24
        -8
        29
        13
        3
        0
        2
        108
        118
        0
        0
        0
        0
        0
        0
     >
    I:6 <
        28
        99
        104
        105
        115
        101
        108
        115
        97
        110
        100
        98
        105
        116
        115
        58
        99
        104
        105
        115
        101
        108
        101
        100
        95
        119
        111
        111
        100
        10
        0
        0
        10
        0
        14
        66
        108
        111
        99
        107
        69
        110
        116
        105
        116
        121
        84
        97
        103
        3
        0
        1
        98
        0
        0
        16
        -94
        3
        0
        1
        115
        0
        0
        0
        1
        1
        0
        2
        110
        99
        0
        7
        0
        1
        88
        0
        0
        0
        107
        120
        -38
        99
        98
        22
        -56
        -51
        -52
        75
        77
        46
        74
        76
        43
        81
        53
        118
        76
        -52
        44
        -78
        103
        -48
        64
        22
        -55
        -55
        79
        55
        -78
        79
        -84
        -56
        44
        -74
        -83
        84
        43
        75
        44
        -54
        76
        -52
        43
        -79
        77
        73
        44
        -54
        -114
        -49
        79
        -52
        102
        80
        70
        86
        89
        -112
        -109
        -104
        -105
        93
        108
        -113
        -95
        -120
        -31
        6
        -5
        42
        52
        -64
        0
        4
        -95
        -82
        -82
        33
        12
        68
        2
        -86
        -21
        103
        -95
        76
        63
        43
        3
        67
        -64
        -88
        -2
        81
        -3
        67
        85
        63
        -75
        -14
        31
        0
        70
        -64
        -28
        116
        3
        0
        2
        108
        118
        0
        0
        0
        0
        0
        0
     >
    I:7 <
        28
        99
        104
        105
        115
        101
        108
        115
        97
        110
        100
        98
        105
        116
        115
        58
        99
        104
        105
        115
        101
        108
        101
        100
        95
        119
        111
        111
        100
        10
        0
        0
        10
        0
        14
        66
        108
        111
        99
        107
        69
        110
        116
        105
        116
        121
        84
        97
        103
        3
        0
        1
        98
        0
        0
        16
        -94
        3
        0
        1
        115
        0
        0
        0
        1
        1
        0
        2
        110
        99
        0
        7
        0
        1
        88
        0
        0
        0
        121
        120
        -38
        99
        98
        17
        -56
        -51
        -52
        75
        77
        46
        74
        76
        43
        81
        53
        118
        76
        -52
        44
        -78
        103
        80
        66
        22
        -55
        -55
        79
        -73
        79
        -84
        -56
        44
        -74
        -83
        84
        43
        75
        44
        -54
        76
        -52
        43
        -79
        -51
        79
        -52
        102
        -48
        64
        83
        99
        -124
        -82
        40
        37
        -79
        40
        59
        30
        -92
        82
        25
        89
        101
        65
        78
        98
        94
        118
        -79
        61
        -122
        34
        -122
        27
        -20
        -95
        104
        -128
        1
        8
        -20
        63
        127
        -2
        -49
        64
        36
        -96
        -70
        126
        102
        -54
        -12
        51
        31
        96
        -80
        25
        -43
        63
        -86
        127
        -88
        -22
        -121
        -27
        31
        38
        6
        6
        5
        74
        -12
        3
        0
        -102
        -28
        -62
        -25
        3
        0
        2
        108
        118
        0
        0
        0
        0
        0
        0
     >
    I:8 <
        28
        99
        104
        105
        115
        101
        108
        115
        97
        110
        100
        98
        105
        116
        115
        58
        99
        104
        105
        115
        101
        108
        101
        100
        95
        119
        111
        111
        100
        10
        0
        0
        10
        0
        14
        66
        108
        111
        99
        107
        69
        110
        116
        105
        116
        121
        84
        97
        103
        3
        0
        1
        98
        0
        0
        16
        -94
        3
        0
        1
        115
        0
        0
        0
        1
        1
        0
        2
        110
        99
        0
        7
        0
        1
        88
        0
        0
        0
        122
        120
        -38
        99
        98
        17
        -56
        -51
        -52
        75
        77
        46
        74
        76
        43
        81
        53
        118
        76
        -52
        44
        -78
        103
        80
        66
        22
        -55
        -55
        79
        -73
        79
        -84
        -56
        44
        -74
        -83
        84
        43
        75
        44
        -54
        76
        -52
        43
        -79
        -51
        79
        -52
        102
        -48
        64
        83
        99
        -124
        -82
        40
        37
        -79
        40
        59
        30
        -92
        82
        25
        89
        101
        65
        78
        98
        94
        118
        -79
        61
        -122
        34
        -122
        27
        -20
        -95
        104
        -128
        -127
        68
        -128
        77
        -1
        127
        32
        24
        40
        -3
        -4
        -1
        -1
        31
        0
        -23
        87
        -96
        80
        -1
        64
        -6
        -97
        -62
        -16
        55
        24
        104
        -9
        15
        -80
        -1
        71
        -45
        31
        16
        0
        0
        -31
        65
        -60
        -3
        3
        0
        2
        108
        118
        0
        0
        0
        0
        0
        0
     >
    I:9 <
        28
        99
        104
        105
        115
        101
        108
        115
        97
        110
        100
        98
        105
        116
        115
        58
        99
        104
        105
        115
        101
        108
        101
        100
        95
        119
        111
        111
        100
        10
        0
        0
        10
        0
        14
        66
        108
        111
        99
        107
        69
        110
        116
        105
        116
        121
        84
        97
        103
        3
        0
        1
        98
        0
        0
        16
        -94
        3
        0
        1
        115
        0
        0
        0
        1
        1
        0
        2
        110
        99
        0
        7
        0
        1
        88
        0
        0
        0
        125
        120
        -38
        99
        98
        17
        -56
        -51
        -52
        75
        77
        46
        74
        76
        43
        81
        53
        118
        76
        -52
        44
        -78
        103
        80
        66
        22
        -55
        -55
        79
        -73
        79
        -84
        -56
        44
        -74
        -83
        84
        43
        75
        44
        -54
        76
        -52
        43
        -79
        -51
        79
        -52
        102
        -48
        64
        83
        99
        -124
        -82
        40
        37
        -79
        40
        59
        30
        -92
        82
        25
        89
        101
        65
        78
        98
        94
        118
        -79
        61
        -122
        34
        -122
        27
        -20
        -95
        104
        -128
        1
        8
        -2
        -97
        63
        -1
        -121
        -127
        72
        -128
        75
        63
        7
        3
        67
        3
        57
        -6
        109
        24
        -104
        15
        80
        98
        -1
        -88
        -2
        81
        -3
        3
        -87
        -97
        -127
        -31
        0
        85
        -14
        15
        -91
        -6
        1
        87
        -42
        -53
        90
        3
        0
        2
        108
        118
        0
        0
        0
        0
        0
        0
     >
}


